#order
#40°³
insert into online_sales (order_time, card_number, amount, tracking_number, product_id, customer_id, warehouse_id)
values
('2021-07-15 06:13:43',  0, 21, 22691, 38, 21, 35),
('2021-11-09 03:37:20',  0, 21, 29393, 1, 19, 32),
('2021-03-21 10:13:25', 18315, 8, 23174, 13, 37, 31),
('2021-05-26 18:12:04',  2862, 31, 18791, 27, 25, 24),
('2021-04-20 14:02:14',  29718, 31, 13659, 28, 35, 5),
('2022-04-08 05:52:35',  31361, 14, 8325, 25, 26, 7),
('2021-10-29 10:35:36', 0, 13, 11821, 36, 5, 18),
('2022-02-20 01:19:09',  0, 35, 6213, 34, 19, 38),
('2022-03-25 19:37:20', 0, 34, 6557, 33, 8, 31),
('2021-10-19 21:38:29', 0, 1, 9409, 9, 23, 8),
('2022-02-24 00:49:19',  31359, 49, 27358, 18, 16, 5),
('2021-08-20 13:06:56',  31204, 12, 5338, 21, 26, 16),
('2021-01-29 23:33:28', 0, 11, 25864, 2, 6, 32),
('2021-08-29 18:44:07',  26166, 13, 21011, 1, 36, 25),
('2022-01-22 13:35:50', 24692, 41, 23579, 6, 38, 3),
('2021-09-26 10:49:54', 20303, 35, 17994, 40, 32, 18),
('2021-03-27 23:15:56', 29260, 39, 13879, 34, 34, 15),
('2021-07-28 20:00:04',  13737, 42, 5882, 14, 9, 2),
('2021-06-06 09:43:45',  19, 6, 16885, 6, 29, 8),
('2022-05-25 05:42:25', 13641, 37, 9919, 32, 29, 4),
('2022-01-12 12:55:06',  3424, 34, 9919, 36, 13, 21),
('2022-05-12 23:15:51', 10414, 4, 9919, 35, 28, 6),
('2021-04-04 00:52:07',  24519, 40, 23198, 31, 36, 23),
('2021-02-07 23:25:01',  4993, 12, 25737, 40, 29, 9),
('2021-05-09 13:48:44',  31984, 39, 29300, 32, 34, 29),
('2021-12-06 12:42:30', 2874, 21, 29926, 37, 30, 2),
('2021-07-07 17:30:17',  11702, 19, 3162, 7, 25, 25),
('2021-03-23 08:39:33',  7556, 40, 6981, 13, 34, 6),
('2021-08-08 00:14:01',  0, 35, 21980, 15, 7, 10),
('2021-08-01 12:42:25', 0, 31, 32130, 22, 20, 23),
('2021-05-06 11:50:53', 34, 3, 31124, 11, 25, 19),
('2021-10-24 17:01:14', 10619, 37, 2663, 10, 40, 24),
('2021-09-07 14:36:33',  0, 49, 14041, 28, 23, 24),
('2021-12-23 03:09:04',  10476, 39, 2391, 11, 38, 27),
('2022-05-16 04:00:51',  2327, 42, 3553, 16, 38, 9),
('2022-02-12 05:18:33',  0, 11, 4940, 11, 19, 21),
('2022-02-02 05:11:13',  0, 49, 10364, 36, 20, 26),
('2022-04-19 04:08:37',  0, 41, 10391, 31, 20, 23),
('2022-04-10 05:10:41', 1666, 29, 2818, 26, 16, 22),
('2022-04-28 08:26:43',  13154, 14, 22854, 31, 38, 20);