insert into store_stock (store_id, product_id, amount)
values
(1, 1, 0),
(1, 2, 0),
(1, 3, 2),
(1, 4, 3),
(1, 5, 2),
(1, 6, 2),
(1, 7, 0),
(1, 8, 2),
(1, 9, 3),
(1, 10, 2),
(1, 11, 1),
(1, 12, 2),
(1, 13, 3),
(1, 14, 3),
(1, 15, 0),
(1, 16, 0),
(1, 17, 0),
(1, 18, 0),
(1, 19, 2),
(1, 20, 3),
(1, 21, 3),
(1, 22, 2),
(1, 23, 3),
(1, 24, 3),
(1, 25, 3),
(1, 26, 2),
(1, 27, 1),
(1, 28, 4),
(1, 29, 3),
(1, 30, 3),
(1, 31, 0),
(1, 32, 4),
(1, 33, 0),
(1, 34, 2),
(1, 35, 2),
(1, 36, 2),
(1, 37, 4),
(1, 38, 3),
(1, 39, 2),
(1, 40, 4),
(2, 1, 0),
(2, 2, 0),
(2, 3, 4),
(2, 4, 3),
(2, 5, 0),
(2, 6, 0),
(2, 7, 0),
(2, 8, 0),
(2, 9, 0),
(2, 10, 1),
(2, 11, 2),
(2, 12, 4),
(2, 13, 3),
(2, 14, 0),
(2, 15, 0),
(2, 16, 0),
(2, 17, 0),
(2, 18, 0),
(2, 19, 0),
(2, 20, 0),
(2, 21, 4),
(2, 22, 3),
(2, 23, 0),
(2, 24, 2),
(2, 25, 0),
(2, 26, 2),
(2, 27, 4),
(2, 28, 2),
(2, 29, 2),
(2, 30, 3),
(2, 31, 1),
(2, 32, 2),
(2, 33, 4),
(2, 34, 0),
(2, 35, 2),
(2, 36, 2),
(2, 37, 0),
(2, 38, 0),
(2, 39, 1),
(2, 40, 1),
(3, 1, 0),
(3, 2, 0),
(3, 3, 0),
(3, 4, 4),
(3, 5, 1),
(3, 6, 0),
(3, 7, 0),
(3, 8, 3),
(3, 9, 2),
(3, 10, 3),
(3, 11, 0),
(3, 12, 0),
(3, 13, 0),
(3, 14, 0),
(3, 15, 0),
(3, 16, 0),
(3, 17, 0),
(3, 18, 2),
(3, 19, 0),
(3, 20, 3),
(3, 21, 0),
(3, 22, 1),
(3, 23, 2),
(3, 24, 4),
(3, 25, 3),
(3, 26, 4),
(3, 27, 4),
(3, 28, 3),
(3, 29, 4),
(3, 30, 0),
(3, 31, 4),
(3, 32, 1),
(3, 33, 1),
(3, 34, 2),
(3, 35, 2),
(3, 36, 0),
(3, 37, 2),
(3, 38, 2),
(3, 39, 3),
(3, 40, 4),
(4, 1, 2),
(4, 2, 2),
(4, 3, 3),
(4, 4, 0),
(4, 5, 3),
(4, 6, 3),
(4, 7, 1),
(4, 8, 2),
(4, 9, 0),
(4, 10, 3),
(4, 11, 2),
(4, 12, 1),
(4, 13, 1),
(4, 14, 4),
(4, 15, 2),
(4, 16, 0),
(4, 17, 0),
(4, 18, 1),
(4, 19, 0),
(4, 20, 4),
(4, 21, 2),
(4, 22, 2),
(4, 23, 2),
(4, 24, 0),
(4, 25, 4),
(4, 26, 2),
(4, 27, 0),
(4, 28, 1),
(4, 29, 4),
(4, 30, 4),
(4, 31, 3),
(4, 32, 4),
(4, 33, 1),
(4, 34, 1),
(4, 35, 4),
(4, 36, 2),
(4, 37, 1),
(4, 38, 0),
(4, 39, 4),
(4, 40, 2),
(5, 1, 1),
(5, 2, 3),
(5, 3, 0),
(5, 4, 4),
(5, 5, 4),
(5, 6, 2),
(5, 7, 1),
(5, 8, 4),
(5, 9, 1),
(5, 10, 2),
(5, 11, 3),
(5, 12, 0),
(5, 13, 4),
(5, 14, 3),
(5, 15, 0),
(5, 16, 0),
(5, 17, 0),
(5, 18, 1),
(5, 19, 3),
(5, 20, 1),
(5, 21, 2),
(5, 22, 1),
(5, 23, 0),
(5, 24, 0),
(5, 25, 4),
(5, 26, 2),
(5, 27, 2),
(5, 28, 1),
(5, 29, 4),
(5, 30, 3),
(5, 31, 0),
(5, 32, 2),
(5, 33, 1),
(5, 34, 2),
(5, 35, 2),
(5, 36, 0),
(5, 37, 1),
(5, 38, 3),
(5, 39, 4),
(5, 40, 2),
(6, 1, 2),
(6, 2, 0),
(6, 3, 2),
(6, 4, 3),
(6, 5, 3),
(6, 6, 3),
(6, 7, 3),
(6, 8, 0),
(6, 9, 1),
(6, 10, 4),
(6, 11, 1),
(6, 12, 3),
(6, 13, 0),
(6, 14, 2),
(6, 15, 0),
(6, 16, 2),
(6, 17, 1),
(6, 18, 3),
(6, 19, 0),
(6, 20, 0),
(6, 21, 1),
(6, 22, 0),
(6, 23, 3),
(6, 24, 0),
(6, 25, 4),
(6, 26, 0),
(6, 27, 0),
(6, 28, 0),
(6, 29, 0),
(6, 30, 2),
(6, 31, 3),
(6, 32, 3),
(6, 33, 4),
(6, 34, 2),
(6, 35, 3),
(6, 36, 4),
(6, 37, 2),
(6, 38, 2),
(6, 39, 4),
(6, 40, 3),
(7, 1, 1),
(7, 2, 2),
(7, 3, 3),
(7, 4, 3),
(7, 5, 1),
(7, 6, 4),
(7, 7, 2),
(7, 8, 2),
(7, 9, 2),
(7, 10, 2),
(7, 11, 3),
(7, 12, 0),
(7, 13, 4),
(7, 14, 1),
(7, 15, 0),
(7, 16, 3),
(7, 17, 3),
(7, 18, 3),
(7, 19, 1),
(7, 20, 0),
(7, 21, 2),
(7, 22, 4),
(7, 23, 0),
(7, 24, 1),
(7, 25, 3),
(7, 26, 4),
(7, 27, 2),
(7, 28, 1),
(7, 29, 3),
(7, 30, 3),
(7, 31, 4),
(7, 32, 4),
(7, 33, 0),
(7, 34, 0),
(7, 35, 4),
(7, 36, 2),
(7, 37, 4),
(7, 38, 4),
(7, 39, 4),
(7, 40, 3),
(8, 1, 1),
(8, 2, 4),
(8, 3, 0),
(8, 4, 3),
(8, 5, 2),
(8, 6, 1),
(8, 7, 3),
(8, 8, 0),
(8, 9, 1),
(8, 10, 4),
(8, 11, 3),
(8, 12, 3),
(8, 13, 3),
(8, 14, 3),
(8, 15, 4),
(8, 16, 2),
(8, 17, 2),
(8, 18, 3),
(8, 19, 0),
(8, 20, 0),
(8, 21, 1),
(8, 22, 4),
(8, 23, 1),
(8, 24, 1),
(8, 25, 4),
(8, 26, 3),
(8, 27, 0),
(8, 28, 0),
(8, 29, 2),
(8, 30, 2),
(8, 31, 3),
(8, 32, 3),
(8, 33, 3),
(8, 34, 1),
(8, 35, 3),
(8, 36, 1),
(8, 37, 2),
(8, 38, 2),
(8, 39, 3),
(8, 40, 3),
(9, 1, 1),
(9, 2, 1),
(9, 3, 1),
(9, 4, 2),
(9, 5, 0),
(9, 6, 2),
(9, 7, 1),
(9, 8, 4),
(9, 9, 2),
(9, 10, 1),
(9, 11, 0),
(9, 12, 3),
(9, 13, 0),
(9, 14, 3),
(9, 15, 1),
(9, 16, 2),
(9, 17, 1),
(9, 18, 4),
(9, 19, 4),
(9, 20, 3),
(9, 21, 1),
(9, 22, 0),
(9, 23, 4),
(9, 24, 4),
(9, 25, 1),
(9, 26, 4),
(9, 27, 2),
(9, 28, 3),
(9, 29, 1),
(9, 30, 1),
(9, 31, 3),
(9, 32, 3),
(9, 33, 2),
(9, 34, 1),
(9, 35, 0),
(9, 36, 4),
(9, 37, 3),
(9, 38, 3),
(9, 39, 4),
(9, 40, 2),
(10, 1, 4),
(10, 2, 1),
(10, 3, 0),
(10, 4, 1),
(10, 5, 4),
(10, 6, 3),
(10, 7, 0),
(10, 8, 3),
(10, 9, 2),
(10, 10, 0),
(10, 11, 1),
(10, 12, 0),
(10, 13, 0),
(10, 14, 2),
(10, 15, 2),
(10, 16, 1),
(10, 17, 2),
(10, 18, 4),
(10, 19, 1),
(10, 20, 3),
(10, 21, 0),
(10, 22, 4),
(10, 23, 3),
(10, 24, 0),
(10, 25, 0),
(10, 26, 0),
(10, 27, 1),
(10, 28, 0),
(10, 29, 3),
(10, 30, 0),
(10, 31, 2),
(10, 32, 4),
(10, 33, 3),
(10, 34, 4),
(10, 35, 1),
(10, 36, 3),
(10, 37, 2),
(10, 38, 3),
(10, 39, 1),
(10, 40, 2),
(11, 1, 3),
(11, 2, 4),
(11, 3, 2),
(11, 4, 0),
(11, 5, 4),
(11, 6, 4),
(11, 7, 1),
(11, 8, 1),
(11, 9, 1),
(11, 10, 4),
(11, 11, 1),
(11, 12, 3),
(11, 13, 0),
(11, 14, 0),
(11, 15, 3),
(11, 16, 2),
(11, 17, 2),
(11, 18, 2),
(11, 19, 2),
(11, 20, 1),
(11, 21, 2),
(11, 22, 1),
(11, 23, 2),
(11, 24, 3),
(11, 25, 2),
(11, 26, 0),
(11, 27, 1),
(11, 28, 0),
(11, 29, 4),
(11, 30, 4),
(11, 31, 4),
(11, 32, 4),
(11, 33, 0),
(11, 34, 1),
(11, 35, 0),
(11, 36, 4),
(11, 37, 3),
(11, 38, 3),
(11, 39, 0),
(11, 40, 4),
(12, 1, 3),
(12, 2, 4),
(12, 3, 2),
(12, 4, 3),
(12, 5, 1),
(12, 6, 3),
(12, 7, 1),
(12, 8, 3),
(12, 9, 0),
(12, 10, 0),
(12, 11, 1),
(12, 12, 4),
(12, 13, 4),
(12, 14, 4),
(12, 15, 2),
(12, 16, 1),
(12, 17, 4),
(12, 18, 0),
(12, 19, 3),
(12, 20, 0),
(12, 21, 1),
(12, 22, 2),
(12, 23, 0),
(12, 24, 2),
(12, 25, 1),
(12, 26, 0),
(12, 27, 1),
(12, 28, 4),
(12, 29, 3),
(12, 30, 4),
(12, 31, 0),
(12, 32, 3),
(12, 33, 3),
(12, 34, 4),
(12, 35, 2),
(12, 36, 4),
(12, 37, 2),
(12, 38, 0),
(12, 39, 2),
(12, 40, 4),
(13, 1, 2),
(13, 2, 1),
(13, 3, 1),
(13, 4, 1),
(13, 5, 0),
(13, 6, 0),
(13, 7, 0),
(13, 8, 1),
(13, 9, 3),
(13, 10, 3),
(13, 11, 2),
(13, 12, 4),
(13, 13, 3),
(13, 14, 2),
(13, 15, 3),
(13, 16, 4),
(13, 17, 4),
(13, 18, 0),
(13, 19, 0),
(13, 20, 4),
(13, 21, 1),
(13, 22, 0),
(13, 23, 3),
(13, 24, 4),
(13, 25, 4),
(13, 26, 2),
(13, 27, 0),
(13, 28, 4),
(13, 29, 4),
(13, 30, 4),
(13, 31, 0),
(13, 32, 1),
(13, 33, 0),
(13, 34, 3),
(13, 35, 0),
(13, 36, 0),
(13, 37, 1),
(13, 38, 0),
(13, 39, 4),
(13, 40, 4),
(14, 1, 0),
(14, 2, 1),
(14, 3, 0),
(14, 4, 0),
(14, 5, 0),
(14, 6, 4),
(14, 7, 4),
(14, 8, 1),
(14, 9, 1),
(14, 10, 4),
(14, 11, 0),
(14, 12, 2),
(14, 13, 1),
(14, 14, 3),
(14, 15, 3),
(14, 16, 1),
(14, 17, 0),
(14, 18, 0),
(14, 19, 0),
(14, 20, 1),
(14, 21, 4),
(14, 22, 2),
(14, 23, 3),
(14, 24, 0),
(14, 25, 1),
(14, 26, 0),
(14, 27, 2),
(14, 28, 2),
(14, 29, 0),
(14, 30, 1),
(14, 31, 3),
(14, 32, 2),
(14, 33, 4),
(14, 34, 3),
(14, 35, 3),
(14, 36, 1),
(14, 37, 4),
(14, 38, 4),
(14, 39, 2),
(14, 40, 0),
(15, 1, 1),
(15, 2, 3),
(15, 3, 4),
(15, 4, 2),
(15, 5, 3),
(15, 6, 4),
(15, 7, 3),
(15, 8, 1),
(15, 9, 4),
(15, 10, 0),
(15, 11, 2),
(15, 12, 1),
(15, 13, 3),
(15, 14, 2),
(15, 15, 1),
(15, 16, 1),
(15, 17, 2),
(15, 18, 0),
(15, 19, 3),
(15, 20, 4),
(15, 21, 4),
(15, 22, 1),
(15, 23, 2),
(15, 24, 0),
(15, 25, 1),
(15, 26, 2),
(15, 27, 2),
(15, 28, 1),
(15, 29, 1),
(15, 30, 1),
(15, 31, 3),
(15, 32, 2),
(15, 33, 1),
(15, 34, 0),
(15, 35, 2),
(15, 36, 0),
(15, 37, 4),
(15, 38, 0),
(15, 39, 3),
(15, 40, 1),
(16, 1, 3),
(16, 2, 0),
(16, 3, 2),
(16, 4, 3),
(16, 5, 0),
(16, 6, 0),
(16, 7, 4),
(16, 8, 2),
(16, 9, 0),
(16, 10, 4),
(16, 11, 2),
(16, 12, 4),
(16, 13, 0),
(16, 14, 1),
(16, 15, 0),
(16, 16, 3),
(16, 17, 3),
(16, 18, 4),
(16, 19, 4),
(16, 20, 1),
(16, 21, 0),
(16, 22, 3),
(16, 23, 1),
(16, 24, 2),
(16, 25, 0),
(16, 26, 3),
(16, 27, 4),
(16, 28, 4),
(16, 29, 0),
(16, 30, 2),
(16, 31, 2),
(16, 32, 3),
(16, 33, 4),
(16, 34, 4),
(16, 35, 1),
(16, 36, 4),
(16, 37, 4),
(16, 38, 2),
(16, 39, 4),
(16, 40, 2),
(17, 1, 1),
(17, 2, 3),
(17, 3, 3),
(17, 4, 3),
(17, 5, 4),
(17, 6, 0),
(17, 7, 2),
(17, 8, 4),
(17, 9, 4),
(17, 10, 3),
(17, 11, 0),
(17, 12, 2),
(17, 13, 3),
(17, 14, 1),
(17, 15, 1),
(17, 16, 3),
(17, 17, 4),
(17, 18, 0),
(17, 19, 0),
(17, 20, 2),
(17, 21, 4),
(17, 22, 2),
(17, 23, 0),
(17, 24, 0),
(17, 25, 4),
(17, 26, 4),
(17, 27, 2),
(17, 28, 3),
(17, 29, 3),
(17, 30, 1),
(17, 31, 2),
(17, 32, 0),
(17, 33, 4),
(17, 34, 1),
(17, 35, 0),
(17, 36, 3),
(17, 37, 3),
(17, 38, 4),
(17, 39, 2),
(17, 40, 3),
(18, 1, 3),
(18, 2, 4),
(18, 3, 2),
(18, 4, 1),
(18, 5, 1),
(18, 6, 3),
(18, 7, 0),
(18, 8, 2),
(18, 9, 0),
(18, 10, 0),
(18, 11, 4),
(18, 12, 4),
(18, 13, 2),
(18, 14, 2),
(18, 15, 1),
(18, 16, 1),
(18, 17, 3),
(18, 18, 3),
(18, 19, 2),
(18, 20, 1),
(18, 21, 4),
(18, 22, 1),
(18, 23, 3),
(18, 24, 3),
(18, 25, 4),
(18, 26, 4),
(18, 27, 3),
(18, 28, 3),
(18, 29, 3),
(18, 30, 2),
(18, 31, 1),
(18, 32, 1),
(18, 33, 2),
(18, 34, 0),
(18, 35, 3),
(18, 36, 0),
(18, 37, 3),
(18, 38, 0),
(18, 39, 4),
(18, 40, 3),
(19, 1, 0),
(19, 2, 4),
(19, 3, 4),
(19, 4, 4),
(19, 5, 3),
(19, 6, 0),
(19, 7, 3),
(19, 8, 1),
(19, 9, 4),
(19, 10, 2),
(19, 11, 2),
(19, 12, 0),
(19, 13, 3),
(19, 14, 1),
(19, 15, 4),
(19, 16, 3),
(19, 17, 0),
(19, 18, 4),
(19, 19, 1),
(19, 20, 0),
(19, 21, 2),
(19, 22, 4),
(19, 23, 2),
(19, 24, 4),
(19, 25, 4),
(19, 26, 2),
(19, 27, 1),
(19, 28, 4),
(19, 29, 4),
(19, 30, 0),
(19, 31, 4),
(19, 32, 1),
(19, 33, 4),
(19, 34, 3),
(19, 35, 0),
(19, 36, 4),
(19, 37, 0),
(19, 38, 0),
(19, 39, 0),
(19, 40, 4),
(20, 1, 2),
(20, 2, 3),
(20, 3, 0),
(20, 4, 1),
(20, 5, 1),
(20, 6, 1),
(20, 7, 1),
(20, 8, 3),
(20, 9, 0),
(20, 10, 2),
(20, 11, 3),
(20, 12, 4),
(20, 13, 3),
(20, 14, 2),
(20, 15, 3),
(20, 16, 4),
(20, 17, 1),
(20, 18, 1),
(20, 19, 3),
(20, 20, 0),
(20, 21, 2),
(20, 22, 2),
(20, 23, 1),
(20, 24, 3),
(20, 25, 2),
(20, 26, 4),
(20, 27, 3),
(20, 28, 2),
(20, 29, 1),
(20, 30, 3),
(20, 31, 4),
(20, 32, 4),
(20, 33, 3),
(20, 34, 1),
(20, 35, 2),
(20, 36, 4),
(20, 37, 4),
(20, 38, 3),
(20, 39, 2),
(20, 40, 1),
(21, 1, 2),
(21, 2, 1),
(21, 3, 1),
(21, 4, 2),
(21, 5, 3),
(21, 6, 1),
(21, 7, 1),
(21, 8, 2),
(21, 9, 3),
(21, 10, 1),
(21, 11, 2),
(21, 12, 0),
(21, 13, 0),
(21, 14, 1),
(21, 15, 3),
(21, 16, 2),
(21, 17, 2),
(21, 18, 1),
(21, 19, 1),
(21, 20, 3),
(21, 21, 2),
(21, 22, 2),
(21, 23, 2),
(21, 24, 0),
(21, 25, 0),
(21, 26, 1),
(21, 27, 0),
(21, 28, 4),
(21, 29, 4),
(21, 30, 4),
(21, 31, 1),
(21, 32, 3),
(21, 33, 0),
(21, 34, 4),
(21, 35, 0),
(21, 36, 1),
(21, 37, 0),
(21, 38, 1),
(21, 39, 3),
(21, 40, 0),
(22, 1, 4),
(22, 2, 2),
(22, 3, 0),
(22, 4, 4),
(22, 5, 0),
(22, 6, 1),
(22, 7, 3),
(22, 8, 2),
(22, 9, 4),
(22, 10, 0),
(22, 11, 3),
(22, 12, 1),
(22, 13, 4),
(22, 14, 0),
(22, 15, 2),
(22, 16, 0),
(22, 17, 2),
(22, 18, 4),
(22, 19, 4),
(22, 20, 3),
(22, 21, 3),
(22, 22, 2),
(22, 23, 2),
(22, 24, 4),
(22, 25, 1),
(22, 26, 2),
(22, 27, 2),
(22, 28, 4),
(22, 29, 1),
(22, 30, 2),
(22, 31, 4),
(22, 32, 0),
(22, 33, 1),
(22, 34, 2),
(22, 35, 0),
(22, 36, 2),
(22, 37, 0),
(22, 38, 3),
(22, 39, 1),
(22, 40, 4),
(23, 1, 0),
(23, 2, 4),
(23, 3, 1),
(23, 4, 0),
(23, 5, 2),
(23, 6, 3),
(23, 7, 0),
(23, 8, 1),
(23, 9, 2),
(23, 10, 1),
(23, 11, 4),
(23, 12, 0),
(23, 13, 4),
(23, 14, 1),
(23, 15, 1),
(23, 16, 2),
(23, 17, 1),
(23, 18, 0),
(23, 19, 3),
(23, 20, 2),
(23, 21, 4),
(23, 22, 0),
(23, 23, 2),
(23, 24, 1),
(23, 25, 4),
(23, 26, 4),
(23, 27, 0),
(23, 28, 4),
(23, 29, 3),
(23, 30, 1),
(23, 31, 3),
(23, 32, 0),
(23, 33, 3),
(23, 34, 4),
(23, 35, 0),
(23, 36, 0),
(23, 37, 4),
(23, 38, 0),
(23, 39, 1),
(23, 40, 1),
(24, 1, 4),
(24, 2, 2),
(24, 3, 4),
(24, 4, 3),
(24, 5, 4),
(24, 6, 2),
(24, 7, 2),
(24, 8, 2),
(24, 9, 0),
(24, 10, 3),
(24, 11, 4),
(24, 12, 4),
(24, 13, 3),
(24, 14, 3),
(24, 15, 2),
(24, 16, 2),
(24, 17, 3),
(24, 18, 2),
(24, 19, 1),
(24, 20, 3),
(24, 21, 1),
(24, 22, 1),
(24, 23, 3),
(24, 24, 4),
(24, 25, 1),
(24, 26, 1),
(24, 27, 1),
(24, 28, 2),
(24, 29, 3),
(24, 30, 2),
(24, 31, 4),
(24, 32, 2),
(24, 33, 4),
(24, 34, 0),
(24, 35, 2),
(24, 36, 0),
(24, 37, 4),
(24, 38, 0),
(24, 39, 2),
(24, 40, 4),
(25, 1, 3),
(25, 2, 3),
(25, 3, 4),
(25, 4, 3),
(25, 5, 2),
(25, 6, 1),
(25, 7, 0),
(25, 8, 2),
(25, 9, 1),
(25, 10, 3),
(25, 11, 0),
(25, 12, 2),
(25, 13, 1),
(25, 14, 0),
(25, 15, 3),
(25, 16, 4),
(25, 17, 1),
(25, 18, 4),
(25, 19, 2),
(25, 20, 2),
(25, 21, 3),
(25, 22, 1),
(25, 23, 4),
(25, 24, 2),
(25, 25, 3),
(25, 26, 4),
(25, 27, 0),
(25, 28, 2),
(25, 29, 4),
(25, 30, 4),
(25, 31, 4),
(25, 32, 4),
(25, 33, 3),
(25, 34, 3),
(25, 35, 4),
(25, 36, 0),
(25, 37, 1),
(25, 38, 1),
(25, 39, 2),
(25, 40, 2),
(26, 1, 4),
(26, 2, 4),
(26, 3, 1),
(26, 4, 2),
(26, 5, 4),
(26, 6, 4),
(26, 7, 2),
(26, 8, 3),
(26, 9, 3),
(26, 10, 4),
(26, 11, 0),
(26, 12, 3),
(26, 13, 2),
(26, 14, 1),
(26, 15, 3),
(26, 16, 0),
(26, 17, 0),
(26, 18, 3),
(26, 19, 4),
(26, 20, 1),
(26, 21, 2),
(26, 22, 3),
(26, 23, 2),
(26, 24, 2),
(26, 25, 3),
(26, 26, 1),
(26, 27, 2),
(26, 28, 0),
(26, 29, 2),
(26, 30, 1),
(26, 31, 4),
(26, 32, 3),
(26, 33, 0),
(26, 34, 1),
(26, 35, 1),
(26, 36, 2),
(26, 37, 2),
(26, 38, 3),
(26, 39, 2),
(26, 40, 3),
(27, 1, 4),
(27, 2, 2),
(27, 3, 1),
(27, 4, 1),
(27, 5, 0),
(27, 6, 4),
(27, 7, 1),
(27, 8, 1),
(27, 9, 4),
(27, 10, 2),
(27, 11, 4),
(27, 12, 2),
(27, 13, 1),
(27, 14, 2),
(27, 15, 4),
(27, 16, 4),
(27, 17, 3),
(27, 18, 4),
(27, 19, 1),
(27, 20, 3),
(27, 21, 2),
(27, 22, 1),
(27, 23, 1),
(27, 24, 0),
(27, 25, 4),
(27, 26, 4),
(27, 27, 2),
(27, 28, 1),
(27, 29, 4),
(27, 30, 4),
(27, 31, 4),
(27, 32, 3),
(27, 33, 3),
(27, 34, 1),
(27, 35, 4),
(27, 36, 3),
(27, 37, 2),
(27, 38, 2),
(27, 39, 1),
(27, 40, 2),
(28, 1, 0),
(28, 2, 1),
(28, 3, 1),
(28, 4, 3),
(28, 5, 0),
(28, 6, 2),
(28, 7, 4),
(28, 8, 0),
(28, 9, 1),
(28, 10, 1),
(28, 11, 3),
(28, 12, 1),
(28, 13, 4),
(28, 14, 2),
(28, 15, 1),
(28, 16, 3),
(28, 17, 1),
(28, 18, 0),
(28, 19, 1),
(28, 20, 3),
(28, 21, 1),
(28, 22, 1),
(28, 23, 1),
(28, 24, 4),
(28, 25, 4),
(28, 26, 3),
(28, 27, 4),
(28, 28, 1),
(28, 29, 2),
(28, 30, 3),
(28, 31, 3),
(28, 32, 4),
(28, 33, 1),
(28, 34, 4),
(28, 35, 4),
(28, 36, 1),
(28, 37, 2),
(28, 38, 4),
(28, 39, 1),
(28, 40, 0),
(29, 1, 2),
(29, 2, 2),
(29, 3, 3),
(29, 4, 3),
(29, 5, 4),
(29, 6, 4),
(29, 7, 3),
(29, 8, 2),
(29, 9, 4),
(29, 10, 4),
(29, 11, 2),
(29, 12, 0),
(29, 13, 2),
(29, 14, 4),
(29, 15, 1),
(29, 16, 1),
(29, 17, 4),
(29, 18, 3),
(29, 19, 0),
(29, 20, 1),
(29, 21, 1),
(29, 22, 0),
(29, 23, 3),
(29, 24, 4),
(29, 25, 2),
(29, 26, 2),
(29, 27, 0),
(29, 28, 1),
(29, 29, 1),
(29, 30, 3),
(29, 31, 1),
(29, 32, 0),
(29, 33, 0),
(29, 34, 2),
(29, 35, 3),
(29, 36, 1),
(29, 37, 1),
(29, 38, 1),
(29, 39, 1),
(29, 40, 3),
(30, 1, 3),
(30, 2, 3),
(30, 3, 0),
(30, 4, 0),
(30, 5, 4),
(30, 6, 2),
(30, 7, 4),
(30, 8, 3),
(30, 9, 2),
(30, 10, 4),
(30, 11, 2),
(30, 12, 3),
(30, 13, 4),
(30, 14, 2),
(30, 15, 4),
(30, 16, 1),
(30, 17, 4),
(30, 18, 4),
(30, 19, 2),
(30, 20, 3),
(30, 21, 4),
(30, 22, 1),
(30, 23, 3),
(30, 24, 2),
(30, 25, 3),
(30, 26, 4),
(30, 27, 3),
(30, 28, 1),
(30, 29, 2),
(30, 30, 4),
(30, 31, 4),
(30, 32, 0),
(30, 33, 3),
(30, 34, 0),
(30, 35, 1),
(30, 36, 4),
(30, 37, 4),
(30, 38, 0),
(30, 39, 3),
(30, 40, 1),
(31, 1, 1),
(31, 2, 2),
(31, 3, 1),
(31, 4, 0),
(31, 5, 4),
(31, 6, 0),
(31, 7, 4),
(31, 8, 0),
(31, 9, 1),
(31, 10, 3),
(31, 11, 3),
(31, 12, 0),
(31, 13, 1),
(31, 14, 4),
(31, 15, 2),
(31, 16, 1),
(31, 17, 3),
(31, 18, 3),
(31, 19, 3),
(31, 20, 2),
(31, 21, 2),
(31, 22, 4),
(31, 23, 3),
(31, 24, 2),
(31, 25, 4),
(31, 26, 1),
(31, 27, 2),
(31, 28, 0),
(31, 29, 3),
(31, 30, 2),
(31, 31, 1),
(31, 32, 4),
(31, 33, 1),
(31, 34, 4),
(31, 35, 4),
(31, 36, 2),
(31, 37, 1),
(31, 38, 0),
(31, 39, 2),
(31, 40, 2),
(32, 1, 4),
(32, 2, 3),
(32, 3, 0),
(32, 4, 0),
(32, 5, 2),
(32, 6, 2),
(32, 7, 4),
(32, 8, 2),
(32, 9, 0),
(32, 10, 2),
(32, 11, 4),
(32, 12, 0),
(32, 13, 1),
(32, 14, 4),
(32, 15, 4),
(32, 16, 3),
(32, 17, 0),
(32, 18, 3),
(32, 19, 3),
(32, 20, 3),
(32, 21, 2),
(32, 22, 2),
(32, 23, 2),
(32, 24, 3),
(32, 25, 3),
(32, 26, 4),
(32, 27, 2),
(32, 28, 0),
(32, 29, 1),
(32, 30, 0),
(32, 31, 2),
(32, 32, 0),
(32, 33, 3),
(32, 34, 4),
(32, 35, 3),
(32, 36, 2),
(32, 37, 2),
(32, 38, 2),
(32, 39, 4),
(32, 40, 4),
(33, 1, 1),
(33, 2, 0),
(33, 3, 1),
(33, 4, 2),
(33, 5, 0),
(33, 6, 1),
(33, 7, 2),
(33, 8, 2),
(33, 9, 1),
(33, 10, 1),
(33, 11, 1),
(33, 12, 4),
(33, 13, 0),
(33, 14, 0),
(33, 15, 4),
(33, 16, 3),
(33, 17, 4),
(33, 18, 2),
(33, 19, 0),
(33, 20, 1),
(33, 21, 4),
(33, 22, 0),
(33, 23, 3),
(33, 24, 4),
(33, 25, 4),
(33, 26, 3),
(33, 27, 3),
(33, 28, 3),
(33, 29, 2),
(33, 30, 4),
(33, 31, 3),
(33, 32, 3),
(33, 33, 4),
(33, 34, 1),
(33, 35, 3),
(33, 36, 1),
(33, 37, 4),
(33, 38, 0),
(33, 39, 4),
(33, 40, 1),
(34, 1, 3),
(34, 2, 0),
(34, 3, 2),
(34, 4, 0),
(34, 5, 0),
(34, 6, 1),
(34, 7, 4),
(34, 8, 2),
(34, 9, 0),
(34, 10, 1),
(34, 11, 0),
(34, 12, 1),
(34, 13, 1),
(34, 14, 0),
(34, 15, 2),
(34, 16, 1),
(34, 17, 4),
(34, 18, 0),
(34, 19, 4),
(34, 20, 3),
(34, 21, 4),
(34, 22, 4),
(34, 23, 2),
(34, 24, 4),
(34, 25, 1),
(34, 26, 2),
(34, 27, 0),
(34, 28, 0),
(34, 29, 2),
(34, 30, 1),
(34, 31, 3),
(34, 32, 3),
(34, 33, 1),
(34, 34, 0),
(34, 35, 3),
(34, 36, 4),
(34, 37, 4),
(34, 38, 4),
(34, 39, 3),
(34, 40, 1),
(35, 1, 1),
(35, 2, 0),
(35, 3, 3),
(35, 4, 4),
(35, 5, 0),
(35, 6, 0),
(35, 7, 2),
(35, 8, 1),
(35, 9, 1),
(35, 10, 2),
(35, 11, 0),
(35, 12, 2),
(35, 13, 3),
(35, 14, 4),
(35, 15, 1),
(35, 16, 1),
(35, 17, 1),
(35, 18, 4),
(35, 19, 4),
(35, 20, 0),
(35, 21, 0),
(35, 22, 2),
(35, 23, 3),
(35, 24, 4),
(35, 25, 0),
(35, 26, 4),
(35, 27, 0),
(35, 28, 4),
(35, 29, 0),
(35, 30, 3),
(35, 31, 0),
(35, 32, 1),
(35, 33, 3),
(35, 34, 0),
(35, 35, 3),
(35, 36, 0),
(35, 37, 1),
(35, 38, 0),
(35, 39, 2),
(35, 40, 4),
(36, 1, 4),
(36, 2, 4),
(36, 3, 1),
(36, 4, 3),
(36, 5, 3),
(36, 6, 0),
(36, 7, 1),
(36, 8, 1),
(36, 9, 1),
(36, 10, 0),
(36, 11, 1),
(36, 12, 1),
(36, 13, 0),
(36, 14, 2),
(36, 15, 2),
(36, 16, 0),
(36, 17, 3),
(36, 18, 2),
(36, 19, 4),
(36, 20, 3),
(36, 21, 0),
(36, 22, 1),
(36, 23, 2),
(36, 24, 0),
(36, 25, 2),
(36, 26, 0),
(36, 27, 1),
(36, 28, 0),
(36, 29, 0),
(36, 30, 0),
(36, 31, 4),
(36, 32, 0),
(36, 33, 4),
(36, 34, 2),
(36, 35, 3),
(36, 36, 4),
(36, 37, 2),
(36, 38, 1),
(36, 39, 0),
(36, 40, 3),
(37, 1, 2),
(37, 2, 3),
(37, 3, 2),
(37, 4, 2),
(37, 5, 2),
(37, 6, 4),
(37, 7, 4),
(37, 8, 0),
(37, 9, 2),
(37, 10, 3),
(37, 11, 1),
(37, 12, 2),
(37, 13, 1),
(37, 14, 3),
(37, 15, 3),
(37, 16, 3),
(37, 17, 3),
(37, 18, 1),
(37, 19, 3),
(37, 20, 0),
(37, 21, 1),
(37, 22, 4),
(37, 23, 0),
(37, 24, 0),
(37, 25, 2),
(37, 26, 0),
(37, 27, 1),
(37, 28, 4),
(37, 29, 2),
(37, 30, 3),
(37, 31, 3),
(37, 32, 1),
(37, 33, 1),
(37, 34, 0),
(37, 35, 3),
(37, 36, 1),
(37, 37, 1),
(37, 38, 2),
(37, 39, 3),
(37, 40, 3),
(38, 1, 2),
(38, 2, 4),
(38, 3, 1),
(38, 4, 0),
(38, 5, 4),
(38, 6, 1),
(38, 7, 4),
(38, 8, 2),
(38, 9, 2),
(38, 10, 4),
(38, 11, 3),
(38, 12, 0),
(38, 13, 4),
(38, 14, 0),
(38, 15, 2),
(38, 16, 1),
(38, 17, 1),
(38, 18, 3),
(38, 19, 2),
(38, 20, 0),
(38, 21, 1),
(38, 22, 2),
(38, 23, 1),
(38, 24, 4),
(38, 25, 4),
(38, 26, 1),
(38, 27, 2),
(38, 28, 1),
(38, 29, 3),
(38, 30, 1),
(38, 31, 4),
(38, 32, 2),
(38, 33, 2),
(38, 34, 2),
(38, 35, 2),
(38, 36, 2),
(38, 37, 3),
(38, 38, 3),
(38, 39, 1),
(38, 40, 2),
(39, 1, 3),
(39, 2, 1),
(39, 3, 4),
(39, 4, 4),
(39, 5, 2),
(39, 6, 1),
(39, 7, 2),
(39, 8, 0),
(39, 9, 1),
(39, 10, 4),
(39, 11, 0),
(39, 12, 2),
(39, 13, 2),
(39, 14, 1),
(39, 15, 4),
(39, 16, 1),
(39, 17, 2),
(39, 18, 1),
(39, 19, 4),
(39, 20, 2),
(39, 21, 2),
(39, 22, 4),
(39, 23, 1),
(39, 24, 2),
(39, 25, 3),
(39, 26, 0),
(39, 27, 4),
(39, 28, 4),
(39, 29, 4),
(39, 30, 0),
(39, 31, 1),
(39, 32, 4),
(39, 33, 2),
(39, 34, 3),
(39, 35, 3),
(39, 36, 1),
(39, 37, 4),
(39, 38, 0),
(39, 39, 1),
(39, 40, 1),
(40, 1, 1),
(40, 2, 3),
(40, 3, 0),
(40, 4, 3),
(40, 5, 1),
(40, 6, 4),
(40, 7, 2),
(40, 8, 0),
(40, 9, 3),
(40, 10, 3),
(40, 11, 4),
(40, 12, 2),
(40, 13, 2),
(40, 14, 0),
(40, 15, 4),
(40, 16, 1),
(40, 17, 0),
(40, 18, 3),
(40, 19, 0),
(40, 20, 4),
(40, 21, 1),
(40, 22, 3),
(40, 23, 0),
(40, 24, 0),
(40, 25, 3),
(40, 26, 3),
(40, 27, 3),
(40, 28, 3),
(40, 29, 0),
(40, 30, 1),
(40, 31, 1),
(40, 32, 2),
(40, 33, 4),
(40, 34, 3),
(40, 35, 0),
(40, 36, 2),
(40, 37, 3),
(40, 38, 4),
(40, 39, 2),
(40, 40, 3);